Trial-1 ľ HoughCircles detections on test.png
Total detected: 12

#     cx (px)     cy (px)     r (px)  
------------------------------------
0     140         132         102     
1     148         576         103     
2     150         354         101     
3     328         234         102     
4     336         456         102     
5     522         336         102     
6     1062        330         100     
7     1244        440         100     
8     1244        216         100     
9     1434        336         99      
10    1434        124         100     
11    1436        546         93      
