Board reference: 600.0 x 300.0 mm
pixelPerMetric : 0.1900 px/mm
Image          : test.png

#     cx(px)    cy(px)    r(px)    X(mm)     Y(mm)     diam(mm)
------------------------------------------------------------
0     140       132       102      -5362.3   -3210.0   1073.5
1     148       576       103      -5320.2   -873.5    1084.0
2     150       354       101      -5309.7   -2041.8   1063.0
3     328       234       102      -4373.0   -2673.3   1073.5
4     336       456       102      -4330.9   -1505.0   1073.5
5     522       336       102      -3352.1   -2136.5   1073.5
6     1062      330       100      -510.4    -2168.1   1052.5
7     1244      440       100      447.3     -1589.2   1052.5
8     1244      216       100      447.3     -2768.0   1052.5
9     1434      336       99       1447.1    -2136.5   1041.9
10    1434      124       100      1447.1    -3252.1   1052.5
11    1436      546       93       1457.7    -1031.4   978.8
